678 237 571
22 22 22 22 22 22 22 22 22 22 22 22 22 22 22 22 22 22 22 22 22 22 22 22 22 22 22 22 22 22 22 22 22 22 22 22 22 22 22 22 22 22 22 22 22 22 22 22 22 22 22 22 22 22 22 22 22 22 22 22 22 22 22 22 22 22 22 22 22 22 22 22 22 22 22 22 22 22 22 22 22 22 22 22 22 22 22 22 22 22 22 22 22 22 22 22 22 22 22 22 22 22 22 22 22 22 22 22 22 22 22 22 22 22 22 22 22 22 22 22 22 22 22 22 22 22 22 22 22 22 22 22 22 22 22 22 22 22 22 22 22 22 22 22 22 22 22 22 22 22 22 22 22 22 22 22 22 22 22 22 22 22 22 22 22 22 22 22 22 22 22 22 22 22 22 22 22 22 22 22 22 22 22 22 22 22 22 22 22 22 22 22 22 22 22 22 22 22 22 22 22 22 22 22 22 22 22 22 22 22 22 22 22 22 22 22 22 22 22 22 22 22 22 22 22 22 22 22 22 22 22 22 22 22 22 22 22 22 22 22 22 22 22 22 22 22 22 22 22 22 22 22 22 22 22 22 22 22 22 22 22 22 22 22 22 22 22 22 22 22 22 22 22 22 22 22 22 22 22 22 22 22 22 22 22 22 22 22 22 22 22 22 22 22 22 22 22 22 22 22 22 22 22 22 22 22 22 22 22 22 22 22 22 22 22 22 22 22 22 22 22 22 22 22 22 22 22 22 22 22 22 22 22 22 22 22 22 22 22 22 22 22 22 22 22 22 22 22 22 22 22 22 22 22 22 22 22 22 22 22 22 22 22 22 22 22 22 22 22 22 22 22 22 22 22 22 22 22 22 22 22 22 22 22 22 22 22 22 22 22 22 22 22 22 22 22 22 22 22 22 22 22 22 22 22 22 22 22 22 22 22 22 22 22 22 22 22 22 22 22 22 22 22 22 22 22 22 22 22 22 22 22 22 22 22 22 22 22 22 22 22 22 22 22 22 22 22 22 22 22 22 22 22 22 22 22 22 22 22 22 22 22 22 22 22 22 22 22 22 22 22 22 22 22 22 22 22 22 22 22 22 22 22 22 22 22 22 22 22 22 22 22 22 22 22 22 22 22 22 22 22 22 22 22 22 22 22 22 22 22 22 22 22 22 22 22 22 22 22 22 22 22 22 22 22 22 22 22 22 22 22 22 22 22 22 22 22 22 22 22 22 22 22 22 22 22 22 22 22 22 22 22 22 22 22 22 22 22 22 22 22 22 22 22 22 22 22 22 22 22 22 22 22 22 22 22 22 22 22 22 22 22 22 22 22 22 22 22 22 22 22 22 22 22 22 22 22 22 22 22 22 22 22 22 22 22 22 22 22 22 22 22 22 22 22 22 22 22 22 22 22 22 22 22 22 22 22 22 22 22 22 22 22 22 22 22 22 22 22 22 22 22 22 22 22 22 22 22 22 22 22 22 22 22 22 22 22 22 22 22 22 22 22 22 22 22 22 22 22 22 22 22 22 22 22 22 22 22
64 513 474 42 555
647 167 444 429 341
97 462 307 563 531
303 640 374 84 36
79 131 186 58 422
648 603 87 658 50
410 370 40 143 55
589 9 228 651 211
169 46 607 447 622
78 493 190 210 658
472 380 178 45 529
620 374 252 518 568
301 195 433 540 608
162 69 263 146 266
192 567 297 671 296
642 300 241 621 433
575 177 411 480 369
222 554 276 14 454
227 256 287 270 463
440 95 99 53 74
332 292 579 123 509
156 364 92 270 304
666 500 447 360 548
335 100 106 601 289
275 64 419 387 142
652 535 427 557 553
569 373 573 316 596
184 656 148 214 29
268 295 542 151 500
315 17 436 159 586
415 353 220 210 17
260 578 183 343 592
350 390 584 26 300
586 489 98 339 612
324 332 382 562 117
41 97 171 433 399
265 612 587 639 333
204 626 196 326 549
455 236 482 667 444
381 391 2 264 151
93 619 246 264 380
614 27 234 395 390
172 655 396 452 255
256 438 54 306 387
212 61 431 300 215
515 328 394 25 387
226 272 21 597 422
558 23 327 407 639
3 60 553 23 365
237 506 621 517 160
560 287 455 670 74
341 295 119 308 264
312 118 507 44 650
91 127 178 15 456
254 353 190 74 490
116 218 673 189 180
195 298 358 603 411
609 274 165 616 112
209 265 63 571 140
471 383 604 349 448
380 443 406 172 458
516 7 401 133 163
232 396 184 201 170
1 516 181 511 150
233 504 548 519 600
377 337 653 164 316
70 405 177 25 455
395 157 65 177 196
39 644 176 88 613
617 90 420 244 661
394 140 602 100 537
448 309 367 376 59
133 669 382 19 70
400 217 138 539 362
432 591 583 43 484
36 63 547 571 523
46 173 330 644 37
42 528 401 328 570
103 334 635 585 678
588 649 38 276 83
441 337 572 131 317
318 548 22 219 339
86 188 510 284 588
52 598 634 114 464
48 550 74 499 498
668 154 437 54 393
654 29 197 517 154
206 33 128 219 134
19 582 528 101 539
506 606 613 494 672
675 635 175 28 365
80 155 367 562 227
319 113 21 434 133
272 532 495 158 499
140 560 297 496 465
351 349 368 244 245
346 522 216 249 209
233 340 88 425 398
664 355 224 660 509
311 473 193 436 476
551 648 126 352 670
120 621 501 414 389
55 358 344 288 564
547 401 283 559 172
213 210 220 560 664
36 27 53 568 274
351 599 477 406 109
24 412 546 144 222
76 557 144 94 545
582 12 32 508 171
185 516 524 461 631
310 169 633 559 488
239 129 613 266 154
520 200 573 581 197
558 544 570 329 346
623 354 9 183 628
629 285 594 313 561
342 298 309 279 448
652 489 295 82 375
428 229 267 285 6
594 31 22 454 523
68 47 446 186 347
352 59 21 577 145
223 580 418 276 100
38 376 535 493 207
364 333 427 400 318
66 247 147 253 666
248 216 197 251 178
396 584 533 175 178
325 674 302 610 137
676 527 121 508 396
424 156 462 366 634
179 11 397 63 124
577 569 521 35 376
95 553 596 294 467
181 338 201 215 85
438 320 355 10 363
675 551 461 669 159
523 10 291 424 187
586 335 42 399 71
478 407 171 37 140
581 450 550 309 385
372 492 634 478 321
359 105 105 622 195
314 445 147 384 123
307 34 430 453 153
521 54 479 656 323
641 166 460 403 590
319 654 102 426 387
56 615 321 277 67
512 461 127 232 176
469 235 667 671 365
593 344 185 308 349
459 421 617 180 357
226 515 122 500 224
613 45 649 372 187
130 5 63 552 554
271 466 280 208 454
86 44 677 387 525
302 505 155 57 524
594 426 246 457 378
305 563 437 361 11
273 402 619 138 524
375 392 359 502 238
184 643 185 429 177
50 653 199 283 149
225 356 128 286 488
240 633 628 582 674
1 140 44 46 460
488 372 49 624 624
544 225 135 93 188
80 248 321 229 72
4 332 206 435 430
13 282 136 331 336
644 595 48 483 526
192 637 379 180 435
534 191 435 636 532
412 322 211 115 242
73 286 627 184 578
514 423 198 151 568
203 94 417 626 367
670 235 8 93 412
533 638 141 391 94
476 194 248 668 576
125 593 575 584 346
29 83 108 456 450
287 34 45 75 261
80 434 646 421 51
583 371 565 297 574
509 152 293 538 111
57 399 525 486 265
485 662 39 404 496
524 242 131 470 394
413 49 518 439 540
161 168 526 272 160
90 174 543 69 198
202 89 250 483 530
468 171 107 260 552
314 274 332 348 503
657 96 291 104 255
617 623 613 296 278
595 655 412 618 520
398 449 510 613 110
401 605 478 403 430
647 12 441 62 375
536 221 481 315 415
227 281 632 290 81
130 242 62 605 400
226 625 257 269 451
395 16 463 655 283
320 566 497 4 110
8 654 605 565 30
271 362 345 183 408
139 468 32 152 230
237 510 287 315 77
561 51 586 132 200
358 145 251 20 158
465 663 94 222 409
163 604 340 370 565
49 420 134 262 182
538 659 651 259 307
559 251 245 630 107
553 19 548 113 142
388 346 136 303 83
155 487 398 640 346
18 27 241 659 151
243 655 391 675 277
451 442 98 432 645
361 228 508 258 15
541 258 301 280 149
231 647 611 599 491
124 438 628 496 333
48 48 237 416 665
112 556 5 122 335
672 522 578 87 475
50 386 440 650 205
91 636 352 589 299
