1258 538 264
41 41 41 41 41 41 41 41 41 41 41 41 41 41 41 41 41 41 41 41 41 41 41 41 41 41 41 41 41 41 41 41 41 41 41 41 41 41 41 41 41 41 41 41 41 41 41 41 41 41 41 41 41 41 41 41 41 41 41 41 41 41 41 41 41 41 41 41 41 41 41 41 41 41 41 41 41 41 41 41 41 41 41 41 41 41 41 41 41 41 41 41 41 41 41 41 41 41 41 41 41 41 41 41 41 41 41 41 41 41 41 41 41 41 41 41 41 41 41 41 41 41 41 41 41 41 41 41 41 41 41 41 41 41 41 41 41 41 41 41 41 41 41 41 41 41 41 41 41 41 41 41 41 41 41 41 41 41 41 41 41 41 41 41 41 41 41 41 41 41 41 41 41 41 41 41 41 41 41 41 41 41 41 41 41 41 41 41 41 41 41 41 41 41 41 41 41 41 41 41 41 41 41 41 41 41 41 41 41 41 41 41 41 41 41 41 41 41 41 41 41 41 41 41 41 41 41 41 41 41 41 41 41 41 41 41 41 41 41 41 41 41 41 41 41 41 41 41 41 41 41 41 41 41 41 41 41 41 41 41 41 41 41 41 41 41 41 41 41 41 41 41 41 41 41 41 41 41 41 41 41 41 41 41 41 41 41 41 41 41 41 41 41 41 41 41 41 41 41 41 41 41 41 41 41 41 41 41 41 41 41 41 41 41 41 41 41 41 41 41 41 41 41 41 41 41 41 41 41 41 41 41 41 41 41 41 41 41 41 41 41 41 41 41 41 41 41 41 41 41 41 41 41 41 41 41 41 41 41 41 41 41 41 41 41 41 41 41 41 41 41 41 41 41 41 41 41 41 41 41 41 41 41 41 41 41 41 41 41 41 41 41 41 41 41 41 41 41 41 41 41 41 41 41 41 41 41 41 41 41 41 41 41 41 41 41 41 41 41 41 41 41 41 41 41 41 41 41 41 41 41 41 41 41 41 41 41 41 41 41 41 41 41 41 41 41 41 41 41 41 41 41 41 41 41 41 41 41 41 41 41 41 41 41 41 41 41 41 41 41 41 41 41 41 41 41 41 41 41 41 41 41 41 41 41 41 41 41 41 41 41 41 41 41 41 41 41 41 41 41 41 41 41 41 41 41 41 41 41 41 41 41 41 41 41 41 41 41 41 41 41 41 41 41 41 41 41 41 41 41 41 41 41 41 41 41 41 41 41 41 41 41 41 41 41 41 41 41 41 41 41 41 41 41 41 41 41 41 41 41 41 41 41 41 41 41 41 41 41 41 41 41 41 41 41 41 41 41 41 41 41 41 41 41 41 41 41 41 41 41 41 41 41 41 41 41 41 41 41 41 41 41 41 41 41 41 41 41 41 41 41 41 41 41 41 41 41 41 41 41 41 41 41 41 41 41 41 41 41 41 41 41 41 41 41 41 41 41 41 41 41 41 41 41 41 41 41 41 41 41 41 41 41 41 41 41 41 41 41 41 41 41 41 41 41 41 41 41 41 41 41 41 41 41 41 41 41 41 41 41 41 41 41 41 41 41 41 41 41 41 41 41 41 41 41 41 41 41 41 41 41 41 41 41 41 41 41 41 41 41 41 41 41 41 41 41 41 41 41 41 41 41 41 41 41 41 41 41 41 41 41 41 41 41 41 41 41 41 41 41 41 41 41 41 41 41 41 41 41 41 41 41 41 41 41 41 41 41 41 41 41 41 41 41 41 41 41 41 41 41 41 41 41 41 41 41 41 41 41 41 41 41 41 41 41 41 41 41 41 41 41 41 41 41 41 41 41 41 41 41 41 41 41 41 41 41 41 41 41 41 41 41 41 41 41 41 41 41 41 41 41 41 41 41 41 41 41 41 41 41 41 41 41 41 41 41 41 41 41 41 41 41 41 41 41 41 41 41 41 41 41 41 41 41 41 41 41 41 41 41 41 41 41 41 41 41 41 41 41 41 41 41 41 41 41 41 41 41 41 41 41 41 41 41 41 41 41 41 41 41 41 41 41 41 41 41 41 41 41 41 41 41 41 41 41 41 41 41 41 41 41 41 41 41 41 41 41 41 41 41 41 41 41 41 41 41 41 41 41 41 41 41 41 41 41 41 41 41 41 41 41 41 41 41 41 41 41 41 41 41 41 41 41 41 41 41 41 41 41 41 41 41 41 41 41 41 41 41 41 41 41 41 41 41 41 41 41 41 41 41 41 41 41 41 41 41 41 41 41 41 41 41 41 41 41 41 41 41 41 41 41 41 41 41 41 41 41 41 41 41 41 41 41 41 41 41 41 41 41 41 41 41 41 41 41 41 41 41 41 41 41 41 41 41 41 41 41 41 41 41 41 41 41 41 41 41 41 41 41 41 41 41 41 41 41 41 41 41 41 41 41 41 41 41 41 41 41 41 41 41 41 41 41 41 41 41 41 41 41 41 41 41 41 41 41 41 41 41 41 41 41 41 41 41 41 41 41 41 41 41 41 41 41 41 41 41 41 41 41 41 41 41 41 41 41 41 41 41 41 41 41 41 41 41 41 41 41 41 41 41 41 41 41 41 41 41 41 41 41 41 41 41 41 41 41 41 41 41 41 41 41 41 41 41 41 41 41 41 41 41 41 41 41 41 41 41 41 41 41 41 41 41 41 41 41 41 41 41 41 41 41 41 41 41 41 41 41 41 41 41 41 41 41 41 41 41 41 41 41 41 41 41 41 41 41 41 41 41 41 41 41 41 41 41 41 41 41 41 41 41 41 41 41 41 41 41 41 41 41 41 41 41 41 41 41 41 41 41 41 41 41 41 41 41 41 41 41 41 41 41 41 41 41 41 41 41 41 41
1207 656 41 191 1052
276 1238 911 997 555
700 222 230 3 624
966 1013 963 7 1183
742 142 36 878 722
240 1073 674 563 1111
600 587 162 892 403
1147 56 991 1149 561
889 851 355 412 552
640 485 116 148 708
226 525 1203 1247 542
604 1249 1128 256 324
489 871 712 419 977
272 1017 433 946 631
205 586 527 676 32
636 841 1252 1032 931
1051 566 161 435 254
329 1191 634 86 440
501 724 556 294 182
504 522 1042 375 1121
305 424 323 969 1070
1034 1203 578 316 307
36 1175 251 815 661
939 258 867 821 786
308 906 162 769 1081
7 285 549 1177 328
1140 756 62 240 500
1233 681 430 98 273
295 1057 48 305 521
174 472 899 719 1016
493 1073 541 948 1251
806 1144 970 76 27
1150 1257 500 1214 205
225 268 372 1184 755
784 440 648 1113 714
961 236 606 876 1088
1196 474 291 589 1125
483 569 862 323 737
976 328 320 541 1154
1208 36 194 519 363
487 34 128 700 969
1103 250 567 866 746
339 322 974 468 1080
561 1172 313 54 47
1189 955 409 42 600
1063 588 1101 383 33
876 885 425 474 1097
65 1181 1103 201 102
707 1067 112 1233 685
1228 84 648 307 1096
579 931 654 613 144
811 118 559 846 811
1065 286 1067 517 182
734 405 239 233 965
421 308 334 1037 811
129 46 14 330 896
945 713 746 1234 39
615 302 1169 1058 789
356 136 1131 306 1134
130 1079 1064 161 735
1170 287 709 259 1115
1116 139 325 881 815
1226 242 103 788 556
1159 1209 1146 913 105
889 135 865 1142 295
1213 741 8 779 110
546 198 276 766 486
1153 672 1160 1102 1144
1061 999 797 580 571
1068 522 140 364 370
838 132 410 910 631
258 735 819 617 929
770 768 258 287 257
36 487 756 121 875
941 162 1110 1082 925
620 780 217 1236 1102
772 868 103 688 421
928 456 234 958 987
495 1176 1214 448 1110
93 77 734 144 241
57 85 817 692 32
512 1204 739 449 472
414 950 315 261 938
662 619 636 962 591
159 463 740 104 712
1025 519 388 295 178
354 335 720 1123 182
1005 474 1084 48 587
696 680 416 996 80
504 205 91 1047 1148
1013 960 270 776 607
563 767 1073 295 1018
1234 140 998 482 224
260 470 1006 629 534
349 862 1020 286 1253
773 298 82 871 1210
1057 262 907 153 132
592 145 841 296 669
960 1196 362 716 343
1254 15 480 1231 367
674 671 51 140 426
45 370 1036 874 1204
468 997 569 1108 1021
380 958 886 342 947
22 745 347 765 665
1003 416 452 119 1011
1125 1127 479 521 187
167 537 641 134 389
392 537 318 398 118
208 638 361 221 66
894 491 370 538 362
783 513 897 245 726
1196 822 687 660 43
86 239 695 156 774
30 625 1001 160 761
909 820 326 950 80
216 1064 906 374 255
928 596 450 902 922
830 731 492 798 243
853 540 1163 563 786
1206 442 519 117 840
305 982 849 611 45
358 767 1033 607 247
478 168 331 5 455
582 365 981 282 125
780 1135 359 152 165
725 627 78 727 200
652 176 929 235 750
553 4 374 663 639
328 1055 667 199 608
109 691 1097 1060 257
439 1124 956 646 623
1117 202 1038 511 248
382 617 143 7 942
1222 1046 597 178 183
728 230 77 523 452
536 1013 538 126 931
100 319 795 376 718
239 663 216 1191 900
1147 836 236 971 267
1236 12 1136 992 1240
463 978 177 766 222
100 457 574 949 6
785 925 40 591 1215
818 952 232 861 942
1166 320 780 820 828
724 444 214 1178 872
28 1074 394 1084 74
769 306 643 945 302
805 1201 251 285 973
23 1043 1115 639 589
717 454 1074 730 847
1189 134 890 168 692
2 1201 1007 890 1240
376 1090 472 465 667
1162 553 346 1189 851
939 92 1091 55 1014
659 693 96 310 1174
422 825 321 49 321
380 490 120 758 855
438 1246 1099 887 350
1222 185 370 357 240
858 619 6 386 996
39 1026 273 1002 894
633 759 97 1237 653
333 208 968 726 171
1221 1062 378 528 576
913 1220 402 154 1225
919 743 264 30 1089
220 828 1129 52 703
97 917 1237 869 935
482 519 167 821 50
155 269 599 431 906
188 616 920 909 165
1243 518 761 316 489
887 367 749 815 418
147 1065 280 311 156
642 272 621 1137 875
225 173 436 184 250
85 807 774 923 1171
568 181 423 1178 445
716 577 1094 198 120
751 524 1055 850 683
871 1043 197 1249 515
1083 845 357 400 784
988 404 958 891 1065
368 1014 605 172 902
657 973 892 616 485
755 763 575 693 938
98 24 94 1098 1022
838 319 961 447 781
379 843 122 266 596
417 270 59 666 373
481 1126 317 957 1187
186 1164 192 158 924
622 683 340 36 59
567 1202 629 557 1225
1161 964 604 857 538
146 944 692 1004 1120
11 760 480 1255 678
709 1055 896 266 175
112 1221 592 238 119
2 782 1028 908 583
724 377 461 293 44
432 281 1131 307 1024
1144 644 896 879 670
706 960 556 318 511
240 992 119 988 125
1079 23 1026 687 151
776 649 111 382 1188
695 733 22 483 544
422 401 425 281 754
694 843 1045 1026 712
923 10 897 732 399
444 912 429 958 572
685 1046 686 1069 1090
866 1198 67 362 1096
127 341 467 239 174
353 709 493 135 1112
509 1012 664 929 403
410 10 203 1215 205
531 614 283 995 1073
1234 998 671 169 839
134 555 1098 446 1000
1133 401 596 824 788
406 886 352 400 1041
878 1152 1132 207 1149
265 850 26 900 96
46 826 1250 1041 595
1193 1081 126 710 250
628 604 512 895 1151
550 574 1127 641 518
83 1244 360 744 1237
1027 843 500 53 717
1036 106 428 348 102
1070 63 1159 368 335
1186 590 1080 643 1016
1077 48 606 440 1148
1135 1211 334 702 1148
800 1131 1201 95 833
1207 1217 351 980 585
1092 89 488 728 790
1099 263 213 433 1049
116 73 1225 819 821
53 772 813 21 403
514 202 156 295 1
682 286 396 801 1056
156 386 1068 58 515
878 939 769 440 397
1045 531 52 72 247
17 560 508 987 490
1121 222 685 956 1233
967 595 502 1112 866
436 1208 621 1011 577
697 828 1056 389 1032
405 795 611 1029 659
459 579 538 273 655
101 238 802 335 885
3 339 1114 565 1120
405 522 830 738 609
1174 16 989 747 69
643 110 231 188 477
1085 279 1073 690 1146
467 34 505 972 765
1039 635 635 193 516
456 962 908 612 172
918 304 548 986 540
677 642 1122 1106 798
170 890 437 854 278
808 969 154 834 258
1155 1101 38 431 1181
1000 192 1023 106 104
1018 673 148 884 1114
201 579 129 729 510
233 703 277 915 220
72 878 1043 801 51
227 723 1007 384 2
303 860 385 486 731
420 595 684 996 643
1177 337 772 102 1087
799 193 113 434 326
871 725 85 125 1068
766 867 1192 1100 143
759 953 1050 253 25
627 306 938 882 462
990 901 410 44 461
159 651 213 78 889
685 715 142 489 265
417 1129 507 995 320
422 1234 796 1047 1188
479 36 150 1075 1116
237 802 648 503 34
1082 757 277 409 209
1230 494 884 1044 1119
171 347 495 1002 1054
707 454 230 70 1119
1010 355 366 124 408
38 479 698 230 706
175 728 809 676 849
116 363 282 296 781
1168 11 515 893 354
804 1179 307 97 1086
902 1015 776 128 753
1030 1169 680 1121 676
809 778 732 411 680
213 1016 847 1243 765
882 633 1078 90 23
1 96 1049 1122 227
1138 1023 937 311 369
466 223 1050 1031 759
1215 1240 398 632 1210
1140 1239 785 1187 484
752 660 557 44 630
448 689 1072 84 497
338 7 437 584 912
1055 484 352 1246 124
498 77 24 348 797
895 265 413 833 858
510 19 741 1197 228
745 323 371 973 584
194 1252 792 1085 93
5 845 804 840 1000
1245 13 831 302 1140
135 1110 508 92 714
1048 736 419 826 914
731 480 471 540 1203
389 478 217 137 458
237 22 942 1187 664
409 989 826 883 583
1087 525 313 501 33
842 811 207 704 1087
1012 21 406 3 215
1026 1188 259 377 880
615 667 290 189 707
1138 648 888 1110 173
355 1048 973 473 140
294 339 675 336 927
966 654 180 287 1247
204 948 248 191 173
1255 990 969 1236 177
18 712 904 214 1047
30 317 593 558 1117
764 332 713 778 414
822 550 1244 811 645
1080 464 60 946 1256
219 581 1162 344 585
591 294 416 345 1009
728 771 975 289 681
638 668 80 365 576
1093 1205 378 367 535
774 185 41 1233 200
701 1107 439 400 551
155 1139 623 334 141
1044 977 152 393 441
781 762 810 1240 658
1143 383 412 440 1249
297 713 349 92 1223
778 961 212 1095 905
387 1227 195 312 737
1197 619 330 381 426
1034 1099 675 1019 1232
206 870 473 505 555
351 693 123 616 143
1109 717 1060 20 1156
859 692 881 530 1257
870 80 336 107 718
927 327 260 8 1057
740 306 285 711 196
976 1181 244 644 909
699 1111 739 379 740
31 993 856 560 585
182 392 1176 254 427
599 932 773 137 110
919 89 490 715 460
162 755 930 619 1015
1027 271 288 350 573
1002 1159 806 1217 583
190 723 1163 131 421
989 600 299 1150 532
124 1165 289 197 603
1230 1104 916 652 935
138 881 748 2 922
920 915 81 455 1178
147 1218 1105 446 935
998 1066 875 1091 1028
65 368 657 518 141
576 235 87 411 537
973 390 873 844 1116
812 450 101 8 415
410 1180 1093 1108 651
390 638 1165 225 140
74 442 777 923 364
1249 724 983 610 385
623 691 1064 378 1190
492 1135 898 904 1242
1194 1083 79 951 653
146 685 827 395 861
539 1011 425 1212 1225
590 1062 292 1249 934
618 576 1179 855 45
690 324 246 491 437
717 1141 881 366 557
496 825 992 388 797
210 1216 560 903 523
379 325 1229 858 1252
988 1119 1229 302 60
1258 7 936 1049 985
799 198 1137 694 473
56 451 936 10 940
578 781 1133 330 240
901 650 672 973 591
547 754 631 806 1143
333 765 787 6 403
308 1089 309 417 750
905 725 1130 843 177
112 977 200 879 460
85 297 81 689 1035
1066 856 993 829 644
215 443 193 288 452
786 894 475 582 816
506 439 342 140 29
159 793 1227 497 885
1081 1066 364 291 907
475 758 480 503 1145
258 520 104 555 594
342 976 782 704 933
982 1232 265 1092 926
1023 553 195 1199 1219
622 907 205 1076 889
782 1239 897 157 1194
749 1155 1065 305 302
1151 283 463 356 284
722 164 815 457 620
719 179 754 1228 64
618 482 232 115 778
806 1237 967 152 1078
1195 453 1155 802 34
553 821 300 860 821
913 1239 637 471 321
9 145 163 1123 632
884 419 202 470 829
923 463 97 10 1052
498 177 1084 556 1149
863 319 115 1048 154
1166 251 986 380 476
40 854 1223 959 896
1231 2 1183 556 491
254 68 42 1104 665
697 695 1258 252 377
921 1001 877 516 31
165 162 275 768 640
971 1175 314 912 1107
1229 1093 546 747 472
994 423 586 322 99
713 268 268 1000 1054
1182 526 448 469 1138
284 1050 1072 19 520
71 1158 562 1192 195
684 595 909 719 505
516 1203 648 932 1125
916 1044 1008 783 994
874 173 69 499 363
55 75 396 590 1000
1185 183 721 211 147
814 1048 1216 622 91
1238 543 1222 848 898
814 1153 601 1134 1094
1128 1181 1070 30 874
882 1256 269 453 957
826 246 1037 687 965
721 163 1196 336 1192
69 443 64 1106 149
366 253 979 283 399
1228 407 274 832 870
1056 244 919 343 500
862 679 407 140 106
1174 38 770 28 559
11 1210 1218 727 391
649 1102 314 131 1216
533 1119 783 308 1230
390 731 353 1172 435
412 1200 80 518 1131
733 514 449 811 102
984 1179 301 21 928
1211 963 690 83 393
770 947 1248 1033 1185
535 483 791 1216 377
1101 1040 1148 442 4
885 139 1019 559 326
57 769 290 730 243
722 55 1099 32 236
475 495 835 1120 740
803 223 852 1016 837
836 636 647 1118 793
907 1147 558 527 929
878 705 487 827 175
429 753 1224 783 372
1070 838 796 519 232
1042 759 701 37 1157
819 27 729 200 1233
158 1241 785 16 130
1101 813 1233 746 1020
755 354 296 685 867
1132 504 216 930 735
176 1070 931 35 166
392 602 108 408 1048
653 1053 190 1124 120
805 426 765 387 1153
117 414 371 270 809
113 489 287 984 756
473 114 1243 979 107
346 671 73 674 529
253 184 167 551 768
328 569 369 430 755
1150 66 944 229 646
218 984 115 864 3
1165 974 790 1170 25
1172 169 830 750 1014
813 748 358 133 554
1173 973 408 901 626
787 598 431 459 475
1091 1162 398 512 1071
1059 1194 788 1018 89
1254 526 564 1247 772
375 794 409 603 362
823 1176 1024 706 8
586 427 289 318 496
935 1038 815 231 236
301 614 943 933 674
102 954 551 1116 1158
457 441 178 775 570
1214 517 810 30 1160
900 1055 1139 18 1156
1253 561 446 220 1235
881 1218 88 466 249
453 963 29 874 1097
266 1217 189 1246 61
1051 545 1061 1040 1167
